17.043914794921875
1.0645028421185854
0.4470265095267454
0.5110950846838493
0.9075464790594319
0.2593434307258057
0.22063554530996501
0.1114875197531669
0.23372548641367716
0.21078991130186917
0.3695395976229629
0.052248625967002624
0.2842033100282262
0.2701339373003127
0.4263447316070827
0.22640301654389489
0.20087753453571702
0.5611772468058484
0.7535265319626248
0.21725427155434765
0.24723059595950928
0.4714645452548845
0.3130546406888023
0.21779028830088704
0.4764528140610786
0.32313912955312146
0.06889069310349412
0.23013277324518383
0.04166277604435307
0.10352942607301205
0.0016480018220319738
0.021422845859093587
0.02235415465115279
0.06777060112579819
0.03171590413474317
0.037710663095194843
0.029525818544639204
0.049938440867115734
0.07058926491996116
0.07094674618801815
0.02033624911594678
0.038987874159842416
0.07509076285263241
0.04144469120465287
0.022237930093836195
0.03916904188098339
0.03963044883692626
0.006458303537406721
0.02673750840320114
0.04939390217425089
0.022123917834416727
0.008718879270509643
0.026568647173008334
0.027833535621550914
0.011765632211924166
0.0005606477426198064
0.020732104162831888
0.014773503214457188
0.011942312264368416
0.03511950664942978
0.02817915946073471
0.039887840849466796
0.008049988522291576
0.006178994418989644
0.00117763310480911
0.027525834660825466
0.020899872919034113
0.012440011408321157
0.02236628648561845
0.012279363865906782
0.02705067328845789
0.013633770027768383
0.013276157009415647
0.0064964235601315595
0.006757286739457888
0.03267203078208965
0.024719407822769282
0.0022370584551170206
0.01687222577882559
0.04408505935305108
0.013500992392220182
0.02566905500714146
0.03604719825200518
0.020961918984092238
0.006977052400858307
0.014021288359943745
0.01849599797599316
0.01714545253472602
0.024379252172806683
0.02925077611784148
0.0189845158913441
0.02542670013854973
0.02029367542169055
0.013666727515338041
0.016724585623307045
0.03037614903678752
0.01612608808032123
0.04673920745171442
0.03430434362721464
0.013167219415029236
0.020540040755651353
0.018383832845983963
0.0015720823021506474
0.01762250446092648
0.020989514157800253
0.017968057326800197
0.022369230655174762
0.019124974218958094
0.010937779767854441
0.008117086666106832
0.01744973548620102
0.02239253448665667
0.019234237501016695
0.012193351569738938
0.007480542553569963
0.0069566596196497564
0.004342780417867787
0.019729778256018262
0.025859351728250133
0.012542225630802447
0.010887416071720175
0.01268013133142586
0.018231488407046945
0.009047926661995637
0.008960017422147729
0.028485327559418
0.008502463554352595
0.01831823945989935
0.010860338060112575
0.017612062127438894
0.008149061105788684
0.017891685481598328
0.0013918378202813215
0.010334857044480998
0.023441878993674573
0.01531826656572689
0.013150258596611133
0.024112645392240124
0.007462339564504117
0.01883672682888802
0.02503804758380032
0.017724974302765862
0.017678665805673743
0.02019363911496018
0.01602128249790819
0.01435160345787323
0.009931403175649516
0.024889301737657733
0.019903837745429528
0.00923395406477311
0.0031455412019465432
0.019736617549821964
0.02745345791119295
0.012829297046579305
0.014299816512201588
0.008323623120004266
0.004645293116467546
0.011042108860877337
0.01079280500214803
0.017038860147618122
0.014817359255818521
0.009979207976305481
0.013205050430886888
0.00916456453744828
0.010132714300101037
0.016896486329222356
0.017343948481054257
0.003504878102262847
0.005139054325875921
0.022112321317061118
0.014546441200754257
0.01381657787543438
0.016459419936215476
0.006015195333780794
0.013150733236709473
0.006847831773744272
0.008009320962654812
0.01763618158145229
0.01077024005400931
0.0157113777473732
0.0220031994262279
0.017884968204336174
0.025582641770288166
0.018844615213365765
0.01285448923947301
0.028432238980153398
0.02909519753269916
0.017172232775032232
0.018388450479774134
0.013656849382160094
0.009499335769067396
0.005137429720844599
0.017547087912221294
0.012548316787895503
0.0009957834107571302
0.019854247669167033
0.0071061447238395335
0.022977376142060937
0.007764960828662811
0.025595940102130784
0.028597881689487587
0.016003038315052474
0.017703731289349788
0.009976751581636117
0.012773088058399714
0.003160414556861913
0.014175553637835972
0.02570272945544417
0.005386605413525715
0.01357685577508513
0.0065466310873496
0.0132103496421244
0.014215284596134232
0.015189431658481974
0.013605570291654481
0.010820900286981279
0.007523392726351027
0.01458785497282812
0.009691353891278034
0.013905509982386901
0.026529802652098772
0.012809171506807781
0.007394993451223186
0.005408936387140867
0.012474170202586388
0.007831886495679185
0.02191058827187011
0.01653955733720639
0.008331298828125
0.0165395573372064
0.02191058827187007
0.007831886495679211
0.012474170202586279
0.005408936387140903
0.007394993451223177
0.012809171506807784
0.026529802652098776
0.013905509982386932
0.009691353891278015
0.014587854972828117
0.007523392726351046
0.010820900286981308
0.013605570291654469
0.015189431658481974
0.014215284596134236
0.013210349642124409
0.006546631087349546
0.01357685577508514
0.005386605413525683
0.02570272945544417
0.014175553637835996
0.0031604145568619093
0.012773088058399648
0.009976751581636087
0.017703731289349788
0.016003038315052464
